{
 "cells": [
  {
   "cell_type": "code",
   "execution_count": 3,
   "metadata": {},
   "outputs": [],
   "source": [
    "from numpy import dtype\n",
    "import pandas as pd\n",
    "import numpy as np"
   ]
  },
  {
   "cell_type": "code",
   "execution_count": 4,
   "metadata": {},
   "outputs": [
    {
     "name": "stdout",
     "output_type": "stream",
     "text": [
      "Number of rows: 505\n",
      "Number of cols: 14\n"
     ]
    }
   ],
   "source": [
    "records = pd.read_csv('data/housing.data',sep='\\s+')\n",
    "print(\"Number of rows:\",records.shape[0])\n",
    "print(\"Number of cols:\",records.shape[1])"
   ]
  },
  {
   "cell_type": "code",
   "execution_count": 10,
   "metadata": {},
   "outputs": [
    {
     "name": "stdout",
     "output_type": "stream",
     "text": [
      "['CRIM', 'ZN', 'INDUS', 'CHAS', 'NOX', 'RM', 'AGE', 'DIS', 'RAD', 'TAX', 'PTRATIO', 'B', 'LSTAT', 'MEDV']\n",
      "        CRIM   ZN  INDUS  CHAS    NOX     RM   AGE     DIS  RAD    TAX  \\\n",
      "0    0.02731  0.0   7.07   0.0  0.469  6.421  78.9  4.9671  2.0  242.0   \n",
      "1    0.02729  0.0   7.07   0.0  0.469  7.185  61.1  4.9671  2.0  242.0   \n",
      "2    0.03237  0.0   2.18   0.0  0.458  6.998  45.8  6.0622  3.0  222.0   \n",
      "3    0.06905  0.0   2.18   0.0  0.458  7.147  54.2  6.0622  3.0  222.0   \n",
      "4    0.02985  0.0   2.18   0.0  0.458  6.430  58.7  6.0622  3.0  222.0   \n",
      "..       ...  ...    ...   ...    ...    ...   ...     ...  ...    ...   \n",
      "500  0.06263  0.0  11.93   0.0  0.573  6.593  69.1  2.4786  1.0  273.0   \n",
      "501  0.04527  0.0  11.93   0.0  0.573  6.120  76.7  2.2875  1.0  273.0   \n",
      "502  0.06076  0.0  11.93   0.0  0.573  6.976  91.0  2.1675  1.0  273.0   \n",
      "503  0.10959  0.0  11.93   0.0  0.573  6.794  89.3  2.3889  1.0  273.0   \n",
      "504  0.04741  0.0  11.93   0.0  0.573  6.030  80.8  2.5050  1.0  273.0   \n",
      "\n",
      "     PTRATIO       B  LSTAT  MEDV  \n",
      "0       17.8  396.90   9.14  21.6  \n",
      "1       17.8  392.83   4.03  34.7  \n",
      "2       18.7  394.63   2.94  33.4  \n",
      "3       18.7  396.90   5.33  36.2  \n",
      "4       18.7  394.12   5.21  28.7  \n",
      "..       ...     ...    ...   ...  \n",
      "500     21.0  391.99   9.67  22.4  \n",
      "501     21.0  396.90   9.08  20.6  \n",
      "502     21.0  396.90   5.64  23.9  \n",
      "503     21.0  393.45   6.48  22.0  \n",
      "504     21.0  396.90   7.88  11.9  \n",
      "\n",
      "[505 rows x 14 columns]\n"
     ]
    }
   ],
   "source": [
    "housing_name = []\n",
    "names = open('data/housing.names',\"r\",encoding='cp1252')\n",
    "for line in names:\n",
    "    if line.startswith(\"7. Attribute Information:\"):\n",
    "        while True:\n",
    "            line = next(names)\n",
    "            line = line.rstrip().strip()\n",
    "            s = line.split(\" \")\n",
    "            if line.startswith(\"8. Missing Attribute Values:\"):\n",
    "                break\n",
    "            if line != \"\":\n",
    "                housing_name.append(s[1])\n",
    "\n",
    "data = np.array(records)\n",
    "df = pd.DataFrame(data=data,columns=housing_name)\n",
    "print(housing_name)\n",
    "print(df)"
   ]
  },
  {
   "cell_type": "code",
   "execution_count": 6,
   "metadata": {},
   "outputs": [
    {
     "name": "stdout",
     "output_type": "stream",
     "text": [
      "             CRIM          ZN       INDUS        CHAS         NOX          RM  \\\n",
      "count  505.000000  505.000000  505.000000  505.000000  505.000000  505.000000   \n",
      "mean     3.620667   11.350495   11.154257    0.069307    0.554728    6.284059   \n",
      "std      8.608572   23.343704    6.855868    0.254227    0.115990    0.703195   \n",
      "min      0.009060    0.000000    0.460000    0.000000    0.385000    3.561000   \n",
      "25%      0.082210    0.000000    5.190000    0.000000    0.449000    5.885000   \n",
      "50%      0.259150    0.000000    9.690000    0.000000    0.538000    6.208000   \n",
      "75%      3.678220   12.500000   18.100000    0.000000    0.624000    6.625000   \n",
      "max     88.976200  100.000000   27.740000    1.000000    0.871000    8.780000   \n",
      "\n",
      "              AGE         DIS         RAD         TAX     PTRATIO           B  \\\n",
      "count  505.000000  505.000000  505.000000  505.000000  505.000000  505.000000   \n",
      "mean    68.581584    3.794459    9.566337  408.459406   18.461782  356.594376   \n",
      "std     28.176371    2.107757    8.707553  168.629992    2.162520   91.367787   \n",
      "min      2.900000    1.129600    1.000000  187.000000   12.600000    0.320000   \n",
      "25%     45.000000    2.100000    4.000000  279.000000   17.400000  375.330000   \n",
      "50%     77.700000    3.199200    5.000000  330.000000   19.100000  391.430000   \n",
      "75%     94.100000    5.211900   24.000000  666.000000   20.200000  396.210000   \n",
      "max    100.000000   12.126500   24.000000  711.000000   22.000000  396.900000   \n",
      "\n",
      "            LSTAT        MEDV  \n",
      "count  505.000000  505.000000  \n",
      "mean    12.668257   22.529901  \n",
      "std      7.139950    9.205991  \n",
      "min      1.730000    5.000000  \n",
      "25%      7.010000   17.000000  \n",
      "50%     11.380000   21.200000  \n",
      "75%     16.960000   25.000000  \n",
      "max     37.970000   50.000000  \n"
     ]
    }
   ],
   "source": [
    "print(df.describe())"
   ]
  },
  {
   "cell_type": "code",
   "execution_count": 9,
   "metadata": {},
   "outputs": [
    {
     "name": "stdout",
     "output_type": "stream",
     "text": [
      "             CRIM        ZN     INDUS      CHAS       NOX        RM       AGE  \\\n",
      "CRIM     1.000000 -0.200283  0.406251 -0.056132  0.420934 -0.218978  0.352701   \n",
      "ZN      -0.200283  1.000000 -0.534022 -0.042550 -0.516574  0.311835 -0.569524   \n",
      "INDUS    0.406251 -0.534022  1.000000  0.062350  0.764556 -0.391330  0.645543   \n",
      "CHAS    -0.056132 -0.042550  0.062350  1.000000  0.091134  0.091497  0.086461   \n",
      "NOX      0.420934 -0.516574  0.764556  0.091134  1.000000 -0.302127  0.731461   \n",
      "RM      -0.218978  0.311835 -0.391330  0.091497 -0.302127  1.000000 -0.240211   \n",
      "AGE      0.352701 -0.569524  0.645543  0.086461  0.731461 -0.240211  1.000000   \n",
      "DIS     -0.379627  0.664395 -0.708848 -0.099109 -0.769221  0.205170 -0.747872   \n",
      "RAD      0.625396 -0.311717  0.594167 -0.007907  0.611758 -0.209277  0.456232   \n",
      "TAX      0.582568 -0.314351  0.720561 -0.035965  0.668141 -0.291680  0.506527   \n",
      "PTRATIO  0.289394 -0.391713  0.380955 -0.122570  0.188918 -0.355116  0.261724   \n",
      "B       -0.384839  0.175319 -0.356506  0.049040 -0.380006  0.127754 -0.273486   \n",
      "LSTAT    0.455329 -0.412894  0.602737 -0.054576  0.591262 -0.613734  0.602782   \n",
      "MEDV    -0.388249  0.360393 -0.484126  0.175364 -0.427295  0.695365 -0.376932   \n",
      "\n",
      "              DIS       RAD       TAX   PTRATIO         B     LSTAT      MEDV  \n",
      "CRIM    -0.379627  0.625396  0.582568  0.289394 -0.384839  0.455329 -0.388249  \n",
      "ZN       0.664395 -0.311717 -0.314351 -0.391713  0.175319 -0.412894  0.360393  \n",
      "INDUS   -0.708848  0.594167  0.720561  0.380955 -0.356506  0.602737 -0.484126  \n",
      "CHAS    -0.099109 -0.007907 -0.035965 -0.122570  0.049040 -0.054576  0.175364  \n",
      "NOX     -0.769221  0.611758  0.668141  0.188918 -0.380006  0.591262 -0.427295  \n",
      "RM       0.205170 -0.209277 -0.291680 -0.355116  0.127754 -0.613734  0.695365  \n",
      "AGE     -0.747872  0.456232  0.506527  0.261724 -0.273486  0.602782 -0.376932  \n",
      "DIS      1.000000 -0.494798 -0.534492 -0.232561  0.291451 -0.497277  0.249896  \n",
      "RAD     -0.494798  1.000000  0.910202  0.463322 -0.444065  0.487608 -0.381690  \n",
      "TAX     -0.534492  0.910202  1.000000  0.460100 -0.441505  0.543435 -0.468543  \n",
      "PTRATIO -0.232561  0.463322  0.460100  1.000000 -0.176515  0.372148 -0.508411  \n",
      "B        0.291451 -0.444065 -0.441505 -0.176515  1.000000 -0.365637  0.333394  \n",
      "LSTAT   -0.497277  0.487608  0.543435  0.372148 -0.365637  1.000000 -0.738187  \n",
      "MEDV     0.249896 -0.381690 -0.468543 -0.508411  0.333394 -0.738187  1.000000  \n"
     ]
    }
   ],
   "source": [
    "print(df.corr(method=\"pearson\"))"
   ]
  }
 ],
 "metadata": {
  "interpreter": {
   "hash": "dea7d2a8832d14dc1618e74ed0ecd6aa67efcc6d774d08d88ed9a3b62b8fb5ca"
  },
  "kernelspec": {
   "display_name": "Python 3.9.12 ('tung')",
   "language": "python",
   "name": "python3"
  },
  "language_info": {
   "codemirror_mode": {
    "name": "ipython",
    "version": 3
   },
   "file_extension": ".py",
   "mimetype": "text/x-python",
   "name": "python",
   "nbconvert_exporter": "python",
   "pygments_lexer": "ipython3",
   "version": "3.9.12"
  },
  "orig_nbformat": 4
 },
 "nbformat": 4,
 "nbformat_minor": 2
}
